排名,詞彙,出現次數
1,南鄉,17
2,鄉子,17
3,定風,15
4,風波,15
5,酒泉,8
6,泉子,8
7,浣溪,8
8,溪沙,8
9,漁歌,8
10,歌子,8
11,臨江,8
12,江仙,8
13,漁父,6
14,父歌,6
15,歌三,6
16,菩薩,6
17,薩蠻,6
18,深處,5
19,何處,5
20,河傳,5
21,歸去,4
22,相見,4
23,驚起,4
24,倚屏,4
25,女冠,4
26,冠子,4
27,中興,4
28,興樂,4
29,等閒,4
30,巫山,4
31,山一,4
32,一段,4
33,望遠,4
34,遠行,4
35,垂綸,3
36,花零,3
37,扁舟,3
38,採蓮,3
39,遙相,3
40,棹歌,3
41,女伴,3
42,行客,3
43,春風,3
44,風起,3
45,羅衣,3
46,流水,3
47,花香,3
48,簾卷,3
49,落花,3
50,往事,3
51,微雨,3
52,舊歡,3
53,回首,3
54,瀟湘,3
55,明月,3
56,信船,2
57,柳垂,2
58,零落,2
59,鷓鴣,2
60,回塘,2
61,子歸,2
62,岸小,2
63,山月,2
64,豆蔻,2
65,千萬,2
66,蓮塘,2
67,鴛鴦,2
68,遊戲,2
69,水南,2
70,子雲,2
71,春酒,2
72,芰荷,2
73,紅臉,2
74,緩唱,2
75,望中,2
76,天欲,2
77,浦愁,2
78,愁聽,2
79,雲髻,2
80,越王,2
81,王台,2
82,下春,2
83,遊賞,2
84,刺桐,2
85,桐花,2
86,花下,2
87,雨霏,2
88,霏霏,2
89,見人,2
90,多情,2
91,采珠,2
92,幾許,2
93,春山,2
94,遙指,2
95,花深,2
96,回顧,2
97,雙雙,2
98,謝娘,2
99,珠簾,2
100,新月,2
101,小艇,2
102,西溪,2
103,溪子,2
104,翠鈿,2
105,無語,2
106,泣殘,2
107,如夢,2
108,相送,2
109,夕陽,2
110,魂銷,2
111,徘徊,2
112,步徐,2
113,徐徐,2
114,來書,2
115,日初,2
116,繡簾,2
117,簾垂,2
118,金鴨,2
119,誰知,2
120,一去,2
121,三湘,2
122,暗思,2
123,思量,2
124,忍孤,2
125,人花,2
126,寂寞,2
127,花暗,2
128,思悠,2
129,悠悠,2
130,不堪,2
131,聽酒,2
132,子秋,2
133,那堪,2
134,枕前,2
135,池心,2
136,露滴,2
137,無言,2
138,幾回,2
139,何事,2
140,斷魂,2
141,塵浣,2
142,巫峽,2
143,絕音,2
144,畫屏,2
145,屏山,2
146,西風,2
147,暮雨,2
148,雲雨,2
149,雙飛,2
150,相隔,2
151,不語,2
152,遙菩,2
153,容易,2
154,經年,2
155,楚山,2
156,湘水,2
157,酒盈,2
158,不見,2
159,人間,2
160,屏畫,2
161,九疑,2
162,時節,2
163,水雲,2
164,逍遙,2
165,無定,2
166,同心,2
167,玉郎,2
168,迢遞,2
169,堪回,2
170,虞美,2
171,美人,2
172,鶯報,2
173,酒醒,2
174,小閣,2
175,爐殘,2
176,此時,2
177,簾外,2
178,葉落,2
179,三水,1
180,水接,1
181,接衡,1
182,衡門,1
183,門十,1
184,十裏,1
185,裏餘,1
186,餘信,1
187,船歸,1
188,去臥,1
189,臥看,1
190,看書,1
191,書漁,1
192,三輕,1
193,輕爵,1
194,爵祿,1
195,祿慕,1
196,慕玄,1
197,玄虛,1
198,虛莫,1
199,莫道,1
200,道漁,1
201,漁人,1
202,人只,1
203,只為,1
204,為魚,1
205,魚漁,1
206,三避,1
207,避世,1
208,世垂,1
209,綸不,1
210,不記,1
211,記年,1
212,年官,1
213,官高,1
214,高爭,1
215,爭得,1
216,得似,1
217,似君,1
218,君閑,1
219,閑漁,1
220,三傾,1
221,傾白,1
222,白酒,1
223,酒對,1
224,對青,1
225,青山,1
226,山笑,1
227,笑指,1
228,指柴,1
229,柴門,1
230,門待,1
231,待月,1
232,月還,1
233,還漁,1
234,三棹,1
235,棹警,1
236,警鷗,1
237,鷗飛,1
238,飛水,1
239,水濺,1
240,濺袍,1
241,袍影,1
242,影侵,1
243,侵潭,1
244,潭面,1
245,面柳,1
246,垂絛,1
247,絛漁,1
248,三終,1
249,終日,1
250,日醉,1
251,醉絕,1
252,絕塵,1
253,塵勞,1
254,勞曾,1
255,曾見,1
256,見錢,1
257,錢塘,1
258,塘八,1
259,八月,1
260,月濤,1
261,濤南,1
262,子煙,1
263,煙漠,1
264,漠漠,1
265,漠雨,1
266,雨淒,1
267,淒淒,1
268,淒岸,1
269,岸花,1
270,落鷓,1
271,鴣啼,1
272,啼遠,1
273,遠客,1
274,客扁,1
275,舟臨,1
276,臨野,1
277,野渡,1
278,渡思,1
279,思鄉,1
280,鄉處,1
281,處潮,1
282,潮退,1
283,退水,1
284,水準,1
285,準春,1
286,春色,1
287,色暮,1
288,暮南,1
289,子蘭,1
290,蘭橈,1
291,橈舉,1
292,舉水,1
293,水文,1
294,文開,1
295,開競,1
296,競攜,1
297,攜藤,1
298,藤籠,1
299,籠採,1
300,蓮來,1
301,來回,1
302,塘深,1
303,處遙,1
304,見邀,1
305,邀同,1
306,同宴,1
307,宴淥,1
308,淥酒,1
309,酒一,1
310,一卮,1
311,卮紅,1
312,紅上,1
313,上面,1
314,面南,1
315,歸路,1
316,路近,1
317,近扣,1
318,扣舷,1
319,舷歌,1
320,歌采,1
321,采真,1
322,真珠,1
323,珠處,1
324,處水,1
325,水風,1
326,風多,1
327,多曲,1
328,曲岸,1
329,小橋,1
330,橋山,1
331,月過,1
332,過煙,1
333,煙深,1
334,深鎖,1
335,鎖豆,1
336,蔻花,1
337,花垂,1
338,垂千,1
339,萬朵,1
340,朵南,1
341,子乘,1
342,乘彩,1
343,彩舫,1
344,舫過,1
345,過蓮,1
346,塘棹,1
347,歌驚,1
348,起睡,1
349,睡鴛,1
350,鴦帶,1
351,帶香,1
352,香遊,1
353,遊女,1
354,女偎,1
355,偎伴,1
356,伴笑,1
357,笑爭,1
358,爭窈,1
359,窈窕,1
360,窕競,1
361,競折,1
362,折團,1
363,團荷,1
364,荷遮,1
365,遮晚,1
366,晚照,1
367,照南,1
368,子傾,1
369,傾綠,1
370,綠蟻,1
371,蟻泛,1
372,泛紅,1
373,紅螺,1
374,螺閑,1
375,閑邀,1
376,邀女,1
377,伴簇,1
378,簇笙,1
379,笙歌,1
380,歌避,1
381,避暑,1
382,暑信,1
383,船輕,1
384,輕浪,1
385,浪裏,1
386,裏閒,1
387,閒遊,1
388,戲夾,1
389,夾岸,1
390,岸荔,1
391,荔支,1
392,支紅,1
393,紅蘸,1
394,蘸水,1
395,雲帶,1
396,帶雨,1
397,雨浪,1
398,浪迎,1
399,迎風,1
400,風釣,1
401,釣翁,1
402,翁回,1
403,回棹,1
404,棹碧,1
405,碧灣,1
406,灣中,1
407,中春,1
408,酒香,1
409,香熟,1
410,熟鱸,1
411,鱸魚,1
412,魚美,1
413,美誰,1
414,誰同,1
415,同醉,1
416,醉纜,1
417,纜卻,1
418,卻扁,1
419,舟篷,1
420,篷底,1
421,底睡,1
422,睡南,1
423,子沙,1
424,沙月,1
425,月靜,1
426,靜水,1
427,水煙,1
428,煙輕,1
429,輕芰,1
430,荷香,1
431,香裏,1
432,裏夜,1
433,夜船,1
434,船行,1
435,行綠,1
436,綠鬟,1
437,鬟紅,1
438,臉誰,1
439,誰家,1
440,家女,1
441,女遙,1
442,相顧,1
443,顧緩,1
444,唱棹,1
445,歌極,1
446,極浦,1
447,浦去,1
448,去南,1
449,子漁,1
450,漁市,1
451,市散,1
452,散渡,1
453,渡船,1
454,船稀,1
455,稀越,1
456,越南,1
457,南雲,1
458,雲樹,1
459,樹望,1
460,中微,1
461,微行,1
462,客待,1
463,待潮,1
464,潮天,1
465,欲暮,1
466,暮送,1
467,送春,1
468,春浦,1
469,聽猩,1
470,猩猩,1
471,猩啼,1
472,啼瘴,1
473,瘴雨,1
474,雨南,1
475,子攏,1
476,攏雲,1
477,髻背,1
478,背犀,1
479,犀梳,1
480,梳焦,1
481,焦紅,1
482,紅衫,1
483,衫映,1
484,映綠,1
485,綠羅,1
486,羅裾,1
487,裾越,1
488,台下,1
489,風暖,1
490,暖花,1
491,花盈,1
492,盈岸,1
493,岸遊,1
494,賞每,1
495,每邀,1
496,邀鄰,1
497,鄰女,1
498,伴南,1
499,子相,1
500,見處,1
501,處晚,1
502,晚晴,1
503,晴天,1
504,天刺,1
505,下越,1
506,越台,1
507,台前,1
508,前暗,1
509,暗裏,1
510,裏回,1
511,回眸,1
512,眸深,1
513,深屬,1
514,屬意,1
515,意遺,1
516,遺雙,1
517,雙翠,1
518,翠騎,1
519,騎象,1
520,象背,1
521,背人,1
522,人先,1
523,先過,1
524,過水,1
525,子攜,1
526,攜籠,1
527,籠去,1
528,去采,1
529,采菱,1
530,菱歸,1
531,歸碧,1
532,碧波,1
533,波風,1
534,起雨,1
535,霏趁,1
536,趁岸,1
537,小船,1
538,船齊,1
539,齊棹,1
540,棹急,1
541,急羅,1
542,衣濕,1
543,濕出,1
544,出向,1
545,向桄,1
546,桄榔,1
547,榔樹,1
548,樹下,1
549,下立,1
550,立南,1
551,髻重,1
552,重葛,1
553,葛衣,1
554,衣輕,1
555,輕見,1
556,人微,1
557,微笑,1
558,笑亦,1
559,亦多,1
560,情拾,1
561,拾翠,1
562,翠采,1
563,珠能,1
564,能幾,1
565,許來,1
566,來還,1
567,還去,1
568,去爭,1
569,爭及,1
570,及村,1
571,村居,1
572,居織,1
573,織機,1
574,機女,1
575,女南,1
576,子登,1
577,登畫,1
578,畫舸,1
579,舸泛,1
580,泛清,1
581,清波,1
582,波採,1
583,蓮時,1
584,時唱,1
585,唱採,1
586,蓮歌,1
587,歌攔,1
588,攔棹,1
589,棹聲,1
590,聲齊,1
591,齊羅,1
592,羅袖,1
593,袖斂,1
594,斂池,1
595,池光,1
596,光颭,1
597,颭驚,1
598,起沙,1
599,沙鷗,1
600,鷗八,1
601,八九,1
602,九點,1
603,點南,1
604,子雙,1
605,雙髻,1
606,髻墜,1
607,墜小,1
608,小眉,1
609,眉彎,1
610,彎笑,1
611,笑隨,1
612,隨女,1
613,伴下,1
614,山玉,1
615,玉纖,1
616,纖遙,1
617,指花,1
618,處爭,1
619,爭回,1
620,顧孔,1
621,孔雀,1
622,雀雙,1
623,雙迎,1
624,迎日,1
625,日舞,1
626,舞南,1
627,子紅,1
628,紅豆,1
629,蔻紫,1
630,紫玫,1
631,玫瑰,1
632,瑰謝,1
633,娘家,1
634,家接,1
635,接越,1
636,台一,1
637,一曲,1
638,曲鄉,1
639,鄉歌,1
640,歌齊,1
641,齊撫,1
642,撫掌,1
643,掌堪,1
644,堪遊,1
645,賞酒,1
646,酒酌,1
647,酌螺,1
648,螺杯,1
649,杯流,1
650,水上,1
651,上南,1
652,子山,1
653,山果,1
654,果熟,1
655,熟水,1
656,水花,1
657,香家,1
658,家家,1
659,家風,1
660,風景,1
661,景有,1
662,有池,1
663,池塘,1
664,塘木,1
665,木蘭,1
666,蘭舟,1
667,舟上,1
668,上珠,1
669,卷歌,1
670,歌聲,1
671,聲遠,1
672,遠椰,1
673,椰子,1
674,子酒,1
675,酒傾,1
676,傾鸚,1
677,鸚鵡,1
678,鵡盞,1
679,盞南,1
680,子新,1
681,月上,1
682,上遠,1
683,遠煙,1
684,煙開,1
685,開慣,1
686,慣隨,1
687,隨潮,1
688,潮水,1
689,水采,1
690,珠來,1
691,來棹,1
692,棹穿,1
693,穿花,1
694,花過,1
695,過歸,1
696,歸溪,1
697,溪口,1
698,口酤,1
699,酤春,1
700,酒小,1
701,艇纜,1
702,纜牽,1
703,牽垂,1
704,垂岸,1
705,岸柳,1
706,柳西,1
707,子金,1
708,金縷,1
709,縷翠,1
710,鈿浮,1
711,浮動,1
712,動妝,1
713,妝罷,1
714,罷小,1
715,小窗,1
716,窗圓,1
717,圓夢,1
718,夢日,1
719,日高,1
720,高時,1
721,時春,1
722,春已,1
723,已老,1
724,老人,1
725,人來,1
726,來到,1
727,到滿,1
728,滿地,1
729,地落,1
730,花慵,1
731,慵掃,1
732,掃無,1
733,語倚,1
734,屏風,1
735,風泣,1
736,殘紅,1
737,紅西,1
738,子馬,1
739,馬上,1
740,上見,1
741,見時,1
742,時如,1
743,夢認,1
744,認得,1
745,得臉,1
746,臉波,1
747,波相,1
748,送柳,1
749,柳堤,1
750,堤長,1
751,長無,1
752,無限,1
753,限意,1
754,意夕,1
755,陽裏,1
756,裏醉,1
757,醉把,1
758,把金,1
759,金鞭,1
760,鞭欲,1
761,欲墜,1
762,墜歸,1
763,去想,1
764,想嬌,1
765,嬌嬈,1
766,嬈暗,1
767,暗魂,1
768,銷女,1
769,子星,1
770,星高,1
771,高月,1
772,月午,1
773,午丹,1
774,丹桂,1
775,桂青,1
776,青松,1
777,松深,1
778,處醮,1
779,醮壇,1
780,壇開,1
781,開金,1
782,金磬,1
783,磬敲,1
784,敲清,1
785,清露,1
786,露珠,1
787,珠幢,1
788,幢立,1
789,立翠,1
790,翠苔,1
791,苔女,1
792,子步,1
793,步虛,1
794,虛聲,1
795,聲縹,1
796,縹緲,1
797,緲想,1
798,想像,1
799,像思,1
800,思徘,1
801,徊曉,1
802,曉天,1
803,天歸,1
804,去路,1
805,路指,1
806,指蓬,1
807,蓬萊,1
808,萊女,1
809,子春,1
810,山夜,1
811,夜靜,1
812,靜愁,1
813,愁聞,1
814,聞洞,1
815,洞天,1
816,天疏,1
817,疏磬,1
818,磬玉,1
819,玉堂,1
820,堂虛,1
821,虛細,1
822,細霧,1
823,霧垂,1
824,垂珠,1
825,珠佩,1
826,佩輕,1
827,輕煙,1
828,煙曳,1
829,曳翠,1
830,翠裾,1
831,裾女,1
832,子對,1
833,對花,1
834,花情,1
835,情脈,1
836,脈脈,1
837,脈望,1
838,望月,1
839,月步,1
840,徐劉,1
841,劉阮,1
842,阮今,1
843,今何,1
844,處絕,1
845,絕來,1
846,書中,1
847,樂後,1
848,後庭,1
849,庭寂,1
850,寂寂,1
851,寂日,1
852,初長,1
853,長翩,1
854,翩翩,1
855,翩蝶,1
856,蝶舞,1
857,舞紅,1
858,紅芳,1
859,芳繡,1
860,垂地,1
861,地金,1
862,鴨無,1
863,無香,1
864,香中,1
865,樂誰,1
866,知春,1
867,春思,1
868,思如,1
869,如狂,1
870,狂憶,1
871,憶蕭,1
872,蕭郎,1
873,郎等,1
874,閒一,1
875,去程,1
876,程遙,1
877,遙信,1
878,信斷,1
879,斷五,1
880,五嶺,1
881,嶺三,1
882,湘中,1
883,樂休,1
884,休開,1
885,開鸞,1
886,鸞鏡,1
887,鏡學,1
888,學宮,1
889,宮妝,1
890,妝可,1
891,可能,1
892,能更,1
893,更理,1
894,理笙,1
895,笙簧,1
896,簧倚,1
897,屏凝,1
898,凝睇,1
899,睇淚,1
900,淚落,1
901,落成,1
902,成行,1
903,行中,1
904,樂手,1
905,手尋,1
906,尋裙,1
907,裙帶,1
908,帶鴛,1
909,鴦暗,1
910,量忍,1
911,孤前,1
912,前約,1
913,約教,1
914,教人,1
915,花貌,1
916,貌虛,1
917,虛老,1
918,老風,1
919,風光,1
920,光酒,1
921,子寂,1
922,寞青,1
923,青樓,1
924,樓風,1
925,風觸,1
926,觸繡,1
927,簾珠,1
928,珠碎,1
929,碎撼,1
930,撼月,1
931,月朦,1
932,朦朧,1
933,朧花,1
934,暗澹,1
935,澹鎖,1
936,鎖春,1
937,春愁,1
938,愁酒,1
939,子尋,1
940,尋思,1
941,思往,1
942,事依,1
943,依稀,1
944,稀夢,1
945,夢淚,1
946,淚臉,1
947,臉露,1
948,露桃,1
949,桃紅,1
950,紅色,1
951,色重,1
952,重鬢,1
953,鬢欹,1
954,欹蟬,1
955,蟬釵,1
956,釵墜,1
957,墜鳳,1
958,鳳思,1
959,悠酒,1
960,子雨,1
961,雨漬,1
962,漬花,1
963,零紅,1
964,紅散,1
965,散香,1
966,香凋,1
967,凋池,1
968,池兩,1
969,兩岸,1
970,岸別,1
971,別情,1
972,情遙,1
973,遙春,1
974,春歌,1
975,歌斷,1
976,斷掩,1
977,掩銀,1
978,銀屏,1
979,屏酒,1
980,子孤,1
981,孤帆,1
982,帆早,1
983,早晚,1
984,晚離,1
985,離三,1
986,三楚,1
987,楚閑,1
988,閑理,1
989,理鈿,1
990,鈿箏,1
991,箏愁,1
992,愁幾,1
993,許曲,1
994,曲中,1
995,中情,1
996,情弦,1
997,弦上,1
998,上語,1
999,語不,1
1000,堪聽,1
1001,秋雨,1
1002,雨連,1
1003,連綿,1
1004,綿聲,1
1005,聲散,1
1006,散敗,1
1007,敗荷,1
1008,荷叢,1
1009,叢裏,1
1010,裏那,1
1011,堪深,1
1012,深夜,1
1013,夜枕,1
1014,前聽,1
1015,酒初,1
1016,初醒,1
1017,醒酒,1
1018,子牽,1
1019,牽愁,1
1020,愁惹,1
1021,惹思,1
1022,思更,1
1023,更無,1
1024,無停,1
1025,停燭,1
1026,燭暗,1
1027,暗香,1
1028,香凝,1
1029,凝天,1
1030,欲曙,1
1031,曙細,1
1032,細和,1
1033,和煙,1
1034,煙冷,1
1035,冷和,1
1036,和雨,1
1037,雨透,1
1038,透簾,1
1039,簾旌,1
1040,旌酒,1
1041,秋月,1
1042,月嬋,1
1043,嬋娟,1
1044,娟皎,1
1045,皎潔,1
1046,潔碧,1
1047,碧紗,1
1048,紗窗,1
1049,窗外,1
1050,外照,1
1051,照花,1
1052,花穿,1
1053,穿竹,1
1054,竹冷,1
1055,冷沉,1
1056,沉沉,1
1057,沉印,1
1058,印池,1
1059,心酒,1
1060,子凝,1
1061,凝露,1
1062,滴砌,1
1063,砌蛩,1
1064,蛩吟,1
1065,吟驚,1
1066,驚覺,1
1067,覺謝,1
1068,娘殘,1
1069,殘夢,1
1070,夢夜,1
1071,夜深,1
1072,深斜,1
1073,斜傍,1
1074,傍枕,1
1075,前來,1
1076,來影,1
1077,影徘,1
1078,徊浣,1
1079,沙入,1
1080,入夏,1
1081,夏偏,1
1082,偏宜,1
1083,宜澹,1
1084,澹薄,1
1085,薄妝,1
1086,妝越,1
1087,越羅,1
1088,衣褪,1
1089,褪鬱,1
1090,鬱金,1
1091,金黃,1
1092,黃翠,1
1093,鈿檀,1
1094,檀注,1
1095,注助,1
1096,助容,1
1097,容光,1
1098,光浣,1
1099,沙相,1
1100,見無,1
1101,言還,1
1102,還有,1
1103,有恨,1
1104,恨幾,1
1105,回判,1
1106,判卻,1
1107,卻又,1
1108,又思,1
1109,量月,1
1110,月窗,1
1111,窗香,1
1112,香徑,1
1113,徑夢,1
1114,夢悠,1
1115,悠颺,1
1116,颺浣,1
1117,沙晚,1
1118,晚出,1
1119,出閒,1
1120,閒庭,1
1121,庭看,1
1122,看海,1
1123,海棠,1
1124,棠風,1
1125,風流,1
1126,流學,1
1127,學得,1
1128,得內,1
1129,內家,1
1130,家妝,1
1131,妝小,1
1132,小釵,1
1133,釵橫,1
1134,橫戴,1
1135,戴一,1
1136,一枝,1
1137,枝芳,1
1138,芳浣,1
1139,沙鏤,1
1140,鏤玉,1
1141,玉梳,1
1142,梳斜,1
1143,斜雲,1
1144,雲鬢,1
1145,鬢膩,1
1146,膩縷,1
1147,縷金,1
1148,金衣,1
1149,衣透,1
1150,透雪,1
1151,雪肌,1
1152,肌香,1
1153,香暗,1
1154,思何,1
1155,事立,1
1156,立殘,1
1157,殘陽,1
1158,陽浣,1
1159,沙訪,1
1160,訪舊,1
1161,舊傷,1
1162,傷離,1
1163,離欲,1
1164,欲斷,1
1165,魂無,1
1166,無因,1
1167,因重,1
1168,重見,1
1169,見玉,1
1170,玉樓,1
1171,樓人,1
1172,人六,1
1173,六街,1
1174,街微,1
1175,雨鏤,1
1176,鏤香,1
1177,香塵,1
1178,沙早,1
1179,早為,1
1180,為不,1
1181,不逢,1
1182,逢巫,1
1183,峽夢,1
1184,夢那,1
1185,堪虛,1
1186,虛度,1
1187,度錦,1
1188,錦江,1
1189,江春,1
1190,春遇,1
1191,遇花,1
1192,花傾,1
1193,傾酒,1
1194,酒莫,1
1195,莫辭,1
1196,辭頻,1
1197,頻浣,1
1198,沙紅,1
1199,紅藕,1
1200,藕花,1
1201,香到,1
1202,到檻,1
1203,檻頻,1
1204,頻可,1
1205,可堪,1
1206,堪閑,1
1207,閑憶,1
1208,憶似,1
1209,似花,1
1210,花人,1
1211,人舊,1
1212,歡如,1
1213,夢絕,1
1214,音塵,1
1215,沙翠,1
1216,翠疊,1
1217,疊畫,1
1218,山隱,1
1219,隱隱,1
1220,隱冷,1
1221,冷鋪,1
1222,鋪文,1
1223,文簟,1
1224,簟水,1
1225,水潾,1
1226,潾潾,1
1227,潾斷,1
1228,魂何,1
1229,處一,1
1230,一蟬,1
1231,蟬新,1
1232,新巫,1
1233,段有,1
1234,有客,1
1235,客經,1
1236,經巫,1
1237,峽停,1
1238,停橈,1
1239,橈向,1
1240,向水,1
1241,水湄,1
1242,湄楚,1
1243,楚王,1
1244,王曾,1
1245,曾此,1
1246,此夢,1
1247,夢瑤,1
1248,瑤姬,1
1249,姬一,1
1250,一夢,1
1251,夢杳,1
1252,杳無,1
1253,無期,1
1254,期巫,1
1255,段塵,1
1256,塵暗,1
1257,暗珠,1
1258,卷香,1
1259,香銷,1
1260,銷翠,1
1261,翠幄,1
1262,幄垂,1
1263,垂西,1
1264,風回,1
1265,首不,1
1266,不勝,1
1267,勝悲,1
1268,悲暮,1
1269,雨灑,1
1270,灑空,1
1271,空祠,1
1272,祠巫,1
1273,段古,1
1274,古廟,1
1275,廟依,1
1276,依青,1
1277,青嶂,1
1278,嶂行,1
1279,行宮,1
1280,宮枕,1
1281,枕碧,1
1282,碧流,1
1283,水聲,1
1284,聲山,1
1285,山色,1
1286,色鎖,1
1287,鎖妝,1
1288,妝樓,1
1289,樓往,1
1290,事思,1
1291,悠巫,1
1292,段雲,1
1293,雨朝,1
1294,朝還,1
1295,還暮,1
1296,暮煙,1
1297,煙花,1
1298,花春,1
1299,春複,1
1300,複秋,1
1301,秋啼,1
1302,啼猿,1
1303,猿何,1
1304,何必,1
1305,必近,1
1306,近孤,1
1307,孤舟,1
1308,舟行,1
1309,客自,1
1310,自多,1
1311,多愁,1
1312,愁菩,1
1313,蠻回,1
1314,塘風,1
1315,起波,1
1316,波文,1
1317,文細,1
1318,細刺,1
1319,花裏,1
1320,裏門,1
1321,門斜,1
1322,斜閉,1
1323,閉殘,1
1324,殘日,1
1325,日照,1
1326,照平,1
1327,平蕪,1
1328,蕪雙,1
1329,飛鷓,1
1330,鴣菩,1
1331,蠻征,1
1332,征帆,1
1333,帆何,1
1334,處客,1
1335,客相,1
1336,見還,1
1337,還相,1
1338,隔不,1
1339,語欲,1
1340,欲魂,1
1341,銷望,1
1342,中煙,1
1343,煙水,1
1344,水遙,1
1345,蠻等,1
1346,閒將,1
1347,將度,1
1348,度三,1
1349,三春,1
1350,春景,1
1351,景簾,1
1352,垂碧,1
1353,碧砌,1
1354,砌參,1
1355,參差,1
1356,差影,1
1357,影曲,1
1358,曲檻,1
1359,檻日,1
1360,初斜,1
1361,斜杜,1
1362,杜鵑,1
1363,鵑啼,1
1364,啼落,1
1365,花菩,1
1366,蠻恨,1
1367,恨君,1
1368,君容,1
1369,易處,1
1370,處又,1
1371,又話,1
1372,話瀟,1
1373,湘去,1
1374,去凝,1
1375,凝思,1
1376,思倚,1
1377,山淚,1
1378,淚流,1
1379,流紅,1
1380,臉斑,1
1381,斑菩,1
1382,蠻隔,1
1383,隔簾,1
1384,簾微,1
1385,雨雙,1
1386,飛燕,1
1387,燕砌,1
1388,砌花,1
1389,落紅,1
1390,紅深,1
1391,深淺,1
1392,淺撚,1
1393,撚得,1
1394,得寶,1
1395,寶箏,1
1396,箏調,1
1397,調心,1
1398,心隨,1
1399,隨征,1
1400,征棹,1
1401,棹遙,1
1402,蠻楚,1
1403,楚天,1
1404,天雲,1
1405,雲外,1
1406,外路,1
1407,路動,1
1408,動便,1
1409,便經,1
1410,年去,1
1411,去香,1
1412,香斷,1
1413,斷畫,1
1414,屏深,1
1415,深舊,1
1416,歡何,1
1417,處尋,1
1418,尋漁,1
1419,子楚,1
1420,山青,1
1421,青湘,1
1422,水淥,1
1423,淥春,1
1424,風澹,1
1425,澹蕩,1
1426,蕩看,1
1427,看不,1
1428,不足,1
1429,足草,1
1430,草芊,1
1431,芊芊,1
1432,芊花,1
1433,花簇,1
1434,簇簇,1
1435,簇漁,1
1436,漁艇,1
1437,艇棹,1
1438,歌相,1
1439,相續,1
1440,續漁,1
1441,子信,1
1442,信浮,1
1443,浮沉,1
1444,沉無,1
1445,無管,1
1446,管束,1
1447,束釣,1
1448,釣回,1
1449,回乘,1
1450,乘月,1
1451,月歸,1
1452,歸灣,1
1453,灣曲,1
1454,曲酒,1
1455,盈尊,1
1456,尊雲,1
1457,雲滿,1
1458,滿屋,1
1459,屋不,1
1460,間榮,1
1461,榮辱,1
1462,辱漁,1
1463,子荻,1
1464,荻花,1
1465,花秋,1
1466,秋瀟,1
1467,湘夜,1
1468,夜橘,1
1469,橘洲,1
1470,洲佳,1
1471,佳景,1
1472,景如,1
1473,如屏,1
1474,畫碧,1
1475,碧煙,1
1476,煙中,1
1477,中明,1
1478,月下,1
1479,下小,1
1480,艇垂,1
1481,綸初,1
1482,初罷,1
1483,罷漁,1
1484,子水,1
1485,水為,1
1486,為鄉,1
1487,鄉蓬,1
1488,蓬作,1
1489,作舍,1
1490,舍魚,1
1491,魚羹,1
1492,羹稻,1
1493,稻飯,1
1494,飯常,1
1495,常餐,1
1496,餐也,1
1497,也酒,1
1498,盈杯,1
1499,杯書,1
1500,書滿,1
1501,滿架,1
1502,架名,1
1503,名利,1
1504,利不,1
1505,不將,1
1506,將心,1
1507,心掛,1
1508,掛漁,1
1509,子柳,1
1510,垂絲,1
1511,絲花,1
1512,花滿,1
1513,滿樹,1
1514,樹鶯,1
1515,鶯啼,1
1516,啼楚,1
1517,楚岸,1
1518,岸春,1
1519,春天,1
1520,天暮,1
1521,暮棹,1
1522,棹輕,1
1523,輕舟,1
1524,舟出,1
1525,出深,1
1526,深浦,1
1527,浦緩,1
1528,唱漁,1
1529,漁郎,1
1530,郎歸,1
1531,去漁,1
1532,子罷,1
1533,罷垂,1
1534,綸還,1
1535,還酌,1
1536,酌醑,1
1537,醑孤,1
1538,孤村,1
1539,村遙,1
1540,指雲,1
1541,雲遮,1
1542,遮處,1
1543,處下,1
1544,下長,1
1545,長汀,1
1546,汀臨,1
1547,臨深,1
1548,深渡,1
1549,渡驚,1
1550,起一,1
1551,一行,1
1552,行沙,1
1553,沙鷺,1
1554,鷺漁,1
1555,子九,1
1556,疑山,1
1557,山三,1
1558,水蘆,1
1559,蘆花,1
1560,花時,1
1561,節秋,1
1562,秋風,1
1563,起水,1
1564,雲間,1
1565,間山,1
1566,月裏,1
1567,裏棹,1
1568,棹月,1
1569,月穿,1
1570,穿雲,1
1571,雲遊,1
1572,戲漁,1
1573,子鼓,1
1574,鼓清,1
1575,清琴,1
1576,琴傾,1
1577,傾淥,1
1578,淥蟻,1
1579,蟻扁,1
1580,舟自,1
1581,自得,1
1582,得逍,1
1583,遙志,1
1584,志任,1
1585,任東,1
1586,東西,1
1587,西無,1
1588,定止,1
1589,止不,1
1590,不議,1
1591,議人,1
1592,間醒,1
1593,醒醉,1
1594,醉望,1
1595,行春,1
1596,春日,1
1597,日遲,1
1598,遲遲,1
1599,遲思,1
1600,思寂,1
1601,寂寥,1
1602,寥行,1
1603,客關,1
1604,關山,1
1605,山路,1
1606,路遙,1
1607,遙瓊,1
1608,瓊窗,1
1609,窗時,1
1610,時聽,1
1611,聽語,1
1612,語鶯,1
1613,鶯嬌,1
1614,嬌柳,1
1615,柳絲,1
1616,絲牽,1
1617,牽恨,1
1618,恨一,1
1619,一條,1
1620,條條,1
1621,條望,1
1622,行休,1
1623,休暈,1
1624,暈繡,1
1625,繡罷,1
1626,罷吹,1
1627,吹簫,1
1628,簫貌,1
1629,貌逐,1
1630,逐殘,1
1631,殘花,1
1632,暗凋,1
1633,凋同,1
1634,心猶,1
1635,猶結,1
1636,結舊,1
1637,舊裙,1
1638,裙腰,1
1639,腰忍,1
1640,孤風,1
1641,風月,1
1642,月度,1
1643,度良,1
1644,良宵,1
1645,宵望,1
1646,行露,1
1647,滴幽,1
1648,幽庭,1
1649,庭落,1
1650,落葉,1
1651,葉時,1
1652,時愁,1
1653,愁聚,1
1654,聚蕭,1
1655,蕭娘,1
1656,娘柳,1
1657,柳眉,1
1658,眉玉,1
1659,郎一,1
1660,去負,1
1661,負佳,1
1662,佳期,1
1663,期水,1
1664,雲迢,1
1665,遞雁,1
1666,雁書,1
1667,書遲,1
1668,遲望,1
1669,行屏,1
1670,屏半,1
1671,半掩,1
1672,掩枕,1
1673,枕斜,1
1674,斜欹,1
1675,欹蠟,1
1676,蠟淚,1
1677,淚無,1
1678,言對,1
1679,對垂,1
1680,垂吟,1
1681,吟跫,1
1682,跫斷,1
1683,斷續,1
1684,續漏,1
1685,漏頻,1
1686,頻移,1
1687,移入,1
1688,入窗,1
1689,窗明,1
1690,月鑒,1
1691,鑒空,1
1692,空幃,1
1693,幃河,1
1694,傳去,1
1695,去去,1
1696,去何,1
1697,處迢,1
1698,迢迢,1
1699,迢巴,1
1700,巴楚,1
1701,山水,1
1702,水相,1
1703,相連,1
1704,連朝,1
1705,朝雲,1
1706,雲暮,1
1707,雨依,1
1708,依舊,1
1709,舊十,1
1710,十二,1
1711,二峰,1
1712,峰前,1
1713,前猿,1
1714,猿聲,1
1715,聲到,1
1716,到客,1
1717,客船,1
1718,船河,1
1719,傳愁,1
1720,愁腸,1
1721,腸豈,1
1722,豈異,1
1723,異丁,1
1724,丁香,1
1725,香結,1
1726,結因,1
1727,因離,1
1728,離別,1
1729,別故,1
1730,故國,1
1731,國音,1
1732,音書,1
1733,書絕,1
1734,絕想,1
1735,想佳,1
1736,佳人,1
1737,下河,1
1738,傳對,1
1739,對明,1
1740,月春,1
1741,風恨,1
1742,恨應,1
1743,應同,1
1744,同河,1
1745,傳春,1
1746,春暮,1
1747,暮微,1
1748,雨送,1
1749,送君,1
1750,君南,1
1751,南浦,1
1752,愁斂,1
1753,斂雙,1
1754,雙蛾,1
1755,蛾落,1
1756,處啼,1
1757,啼鳥,1
1758,鳥似,1
1759,似逐,1
1760,逐離,1
1761,離歌,1
1762,歌粉,1
1763,粉檀,1
1764,檀珠,1
1765,珠淚,1
1766,淚和,1
1767,和河,1
1768,傳臨,1
1769,臨流,1
1770,流更,1
1771,更把,1
1772,把同,1
1773,心結,1
1774,結情,1
1775,情哽,1
1776,哽咽,1
1777,咽後,1
1778,後會,1
1779,會何,1
1780,何時,1
1781,節不,1
1782,首相,1
1783,相望,1
1784,望已,1
1785,已隔,1
1786,隔汀,1
1787,汀洲,1
1788,洲櫓,1
1789,櫓聲,1
1790,聲幽,1
1791,幽虞,1
1792,人金,1
1793,金籠,1
1794,籠鶯,1
1795,報天,1
1796,天將,1
1797,將曙,1
1798,曙驚,1
1799,起分,1
1800,分飛,1
1801,飛處,1
1802,處夜,1
1803,夜來,1
1804,來潛,1
1805,潛與,1
1806,與玉,1
1807,郎期,1
1808,期多,1
1809,情不,1
1810,不覺,1
1811,覺酒,1
1812,醒遲,1
1813,遲失,1
1814,失歸,1
1815,歸期,1
1816,期虞,1
1817,人映,1
1818,映花,1
1819,花避,1
1820,避月,1
1821,月遙,1
1822,送膩,1
1823,膩髻,1
1824,髻偏,1
1825,偏垂,1
1826,垂鳳,1
1827,鳳卻,1
1828,卻回,1
1829,回嬌,1
1830,嬌步,1
1831,步入,1
1832,入香,1
1833,香閨,1
1834,閨倚,1
1835,屏無,1
1836,語撚,1
1837,撚雲,1
1838,雲篦,1
1839,篦翠,1
1840,翠眉,1
1841,眉低,1
1842,低臨,1
1843,仙簾,1
1844,卷池,1
1845,心小,1
1846,閣虛,1
1847,虛暫,1
1848,暫涼,1
1849,涼閒,1
1850,閒步,1
1851,徐芰,1
1852,荷經,1
1853,經雨,1
1854,雨半,1
1855,半凋,1
1856,凋疏,1
1857,疏臨,1
1858,仙拂,1
1859,拂堤,1
1860,堤垂,1
1861,垂柳,1
1862,柳蟬,1
1863,蟬噪,1
1864,噪夕,1
1865,陽餘,1
1866,餘臨,1
1867,仙不,1
1868,語低,1
1869,低鬟,1
1870,鬟幽,1
1871,幽思,1
1872,思遠,1
1873,遠玉,1
1874,玉釵,1
1875,釵斜,1
1876,斜墜,1
1877,墜雙,1
1878,雙魚,1
1879,魚幾,1
1880,回偷,1
1881,偷看,1
1882,看寄,1
1883,寄來,1
1884,書臨,1
1885,仙離,1
1886,離情,1
1887,情別,1
1888,別恨,1
1889,恨相,1
1890,隔欲,1
1891,欲何,1
1892,何如,1
1893,如臨,1
1894,仙鶯,1
1895,報簾,1
1896,簾前,1
1897,前暖,1
1898,暖日,1
1899,日紅,1
1900,紅玉,1
1901,玉爐,1
1902,殘麝,1
1903,麝猶,1
1904,猶濃,1
1905,濃起,1
1906,起來,1
1907,來閨,1
1908,閨思,1
1909,思尚,1
1910,尚疏,1
1911,疏慵,1
1912,慵臨,1
1913,仙別,1
1914,別愁,1
1915,愁春,1
1916,春夢,1
1917,夢誰,1
1918,誰解,1
1919,解此,1
1920,此情,1
1921,情悰,1
1922,悰臨,1
1923,仙強,1
1924,強整,1
1925,整嬌,1
1926,嬌姿,1
1927,姿臨,1
1928,臨寶,1
1929,寶鏡,1
1930,鏡小,1
1931,小池,1
1932,池一,1
1933,一朵,1
1934,朵芙,1
1935,芙蓉,1
1936,蓉舊,1
1937,歡無,1
1938,無處,1
1939,處再,1
1940,再尋,1
1941,尋蹤,1
1942,蹤臨,1
1943,仙更,1
1944,更堪,1
1945,顧屏,1
1946,畫九,1
1947,疑峰,1
1948,峰定,1
1949,波志,1
1950,志在,1
1951,在煙,1
1952,煙霞,1
1953,霞慕,1
1954,慕隱,1
1955,隱淪,1
1956,淪功,1
1957,功成,1
1958,成歸,1
1959,歸看,1
1960,看五,1
1961,五湖,1
1962,湖春,1
1963,春一,1
1964,一葉,1
1965,葉舟,1
1966,舟中,1
1967,中吟,1
1968,吟複,1
1969,複醉,1
1970,醉雲,1
1971,雲水,1
1972,水此,1
1973,時方,1
1974,方認,1
1975,認自,1
1976,自由,1
1977,由身,1
1978,身定,1
1979,波花,1
1980,花島,1
1981,島為,1
1982,為鄰,1
1983,鄰鷗,1
1984,鷗作,1
1985,作侶,1
1986,侶深,1
1987,處經,1
1988,年不,1
1989,見市,1
1990,市朝,1
1991,朝人,1
1992,人定,1
1993,波已,1
1994,已得,1
1995,得希,1
1996,希夷,1
1997,夷微,1
1998,微妙,1
1999,妙旨,1
2000,旨潛,1
2001,潛喜,1
2002,喜荷,1
2003,荷衣,1
2004,衣蕙,1
2005,蕙帶,1
2006,帶絕,1
2007,絕纖,1
2008,纖塵,1
2009,塵定,1
2010,波十,1
2011,十載,1
2012,載逍,1
2013,遙物,1
2014,物外,1
2015,外居,1
2016,居白,1
2017,白雲,1
2018,雲流,1
2019,水似,1
2020,似相,1
2021,相於,1
2022,於乘,1
2023,乘興,1
2024,興有,1
2025,有時,1
2026,時攜,1
2027,攜短,1
2028,短棹,1
2029,棹江,1
2030,江島,1
2031,島誰,1
2032,知求,1
2033,求道,1
2034,道不,1
2035,不求,1
2036,求魚,1
2037,魚定,1
2038,波到,1
2039,到處,1
2040,處等,1
2041,閒邀,1
2042,邀鶴,1
2043,鶴伴,1
2044,伴春,1
2045,春岸,1
2046,岸野,1
2047,野花,1
2048,香氣,1
2049,氣撲,1
2050,撲琴,1
2051,琴書,1
2052,書定,1
2053,波更,1
2054,更飲,1
2055,飲一,1
2056,一杯,1
2057,杯紅,1
2058,紅霞,1
2059,霞酒,1
2060,酒回,1
2061,首半,1
2062,半鉤,1
2063,鉤新,1
2064,月貼,1
2065,貼清,1
2066,清虛,1
2067,虛定,1
2068,波又,1
2069,又見,1
2070,見辭,1
2071,辭巢,1
2072,巢燕,1
2073,燕子,1
2074,歸阮,1
2075,阮郎,1
2076,郎何,1
2077,事絕,1
2078,音徽,1
2079,徽簾,1
2080,外西,1
2081,風黃,1
2082,黃葉,1
2083,落池,1
2084,池閣,1
2085,閣隱,1
2086,隱莎,1
2087,莎蛩,1
2088,蛩叫,1
2089,叫雨,1
2090,霏定,1
2091,波愁,1
2092,愁坐,1
2093,坐算,1
2094,算程,1
2095,程千,1
2096,萬里,1
2097,里頻,1
2098,頻跂,1
2099,跂等,1
2100,閒經,1
2101,經歲,1
2102,歲兩,1
2103,兩相,1
2104,相違,1
2105,違定,1
2106,波聽,1
2107,聽鵲,1
2108,鵲憑,1
2109,憑龜,1
2110,龜無,1
2111,定處,1
2112,處不,1
2113,不知,1
2114,知淚,1
2115,淚痕,1
2116,痕流,1
2117,流在,1
2118,在畫,1
2119,畫羅,1
2120,衣定,1
2121,波雁,1
2122,雁過,1
2123,過秋,1
2124,秋空,1
2125,空夜,1
2126,夜未,1
2127,未央,1
2128,央隔,1
2129,隔窗,1
2130,窗煙,1
2131,煙月,1
2132,月鎖,1
2133,鎖蓮,1
2134,塘往,1
2135,事豈,1
2136,豈堪,1
2137,堪容,1
2138,易想,1
2139,想惆,1
2140,惆悵,1
2141,悵故,1
2142,故人,1
2143,人迢,1
2144,遞在,1
2145,在瀟,1
2146,湘定,1
2147,波縱,1
2148,縱有,1
2149,有回,1
2150,回文,1
2151,文重,1
2152,重疊,1
2153,疊意,1
2154,意誰,1
2155,誰寄,1
2156,寄解,1
2157,解鬟,1
2158,鬟臨,1
2159,臨鏡,1
2160,鏡泣,1
2161,殘妝,1
2162,妝定,1
2163,波沉,1
2164,沉水,1
2165,水香,1
2166,香消,1
2167,消金,1
2168,鴨冷,1
2169,冷愁,1
2170,愁永,1
2171,永候,1
2172,候蟲,1
2173,蟲聲,1
2174,聲接,1
2175,接杵,1
2176,杵聲,1
2177,聲長,1
2178,長定,1
2179,波簾,1
2180,外煙,1
2181,煙和,1
2182,和月,1
2183,月滿,1
2184,滿庭,1
2185,庭此,1
2186,時閑,1
2187,閑坐,1
2188,坐若,1
2189,若為,1
2190,為情,1
2191,情小,1
2192,閣擁,1
2193,擁爐,1
2194,殘酒,1
2195,醒愁,1
2196,聽寒,1
2197,寒風,1
2198,風葉,1
2199,落一,1
2200,一聲,1
2201,聲聲,1
2202,聲定,1
2203,波惟,1
2204,惟恨,1
2205,恨玉,1
2206,玉人,1
2207,人芳,1
2208,芳信,1
2209,信阻,1
2210,阻雲,1
2211,雨屏,1
2212,屏帷,1
2213,帷寂,1
2214,寞夢,1
2215,夢難,1
2216,難成,1
2217,成定,1
2218,波鬥,1
2219,鬥轉,1
2220,轉更,1
2221,更闌,1
2222,闌心,1
2223,心杳,1
2224,杳杳,1
2225,杳將,1
2226,將曉,1
2227,曉銀,1
2228,銀釭,1
2229,釭斜,1
2230,斜照,1
2231,照綺,1
2232,綺琴,1
2233,琴橫,1
